0.18448370888124246
0.18461385794839918
0.18513330079350854
0.18593917485227102
0.18661494200359405
0.18681395852099114
0.1874845001595281
0.1878365809696796
0.18822736221254904
0.1883237888420867
0.1876565195787334
0.18703068082474458
0.18650773475613738
0.1864699374571515
0.18660697082003155
0.1853458957410066
0.18435207612622187
0.18453523847002787
0.18457698872922346
0.1859738448886179
0.18647537543473552
0.18640939562164635
0.18730444551434308
0.18835849452867381
0.18895995539993982
0.18880732503755251
0.18903958969957843
0.18924508481782448
0.19021689709418377
0.19042127479397197
0.18979883919242374
0.18985246497491748
0.19032022035548735
0.19103239889136875
0.19126691980879162
0.1912398381928153
0.19149536515256074
0.1915789057629795
0.19178788520693246
0.19192137054489106
0.19204000398934148
0.19188061617277824
0.1910952470845432
0.19069214361606837
0.19052407449041708
0.19049747574157147
0.19071780020975912
0.19075870952617263
0.1900037624073229
0.1897337874156795
0.1894500615780342
0.1891934353475121
0.18942482475766043
0.1895458723594745
0.1897225921489484
0.18951216951537858
0.18902510143864884
0.18861277272857307
0.18858004857780492
0.18869191903811885
0.18875791107929413
0.18864728759917643
0.18909278815603653
0.18906303081794648
0.18989651758512957
0.19031723653555027
0.19083427410713216
0.1911654847701603
0.19102896586818288
0.19098784369652574
0.19010181732920226
0.19005125344845095
0.1904863306562599
0.19049502735349672
0.19077166302567347
0.19038338908790936
0.1901975659467936
0.19019023300066953
0.19002996466765248
0.19011259176273573
0.19032736468910172
0.19049741393557734
0.1904755376497772
0.19024106933864318
0.1902517548110851
0.19054793008657755
0.19119107898131002
0.19088711960334878
0.19062295854905223
0.1877067624489376
0.1902988505632959
0.19034822703155005
0.19026376425640265
0.1896875300513142
0.18854324878060533
0.18922225094095882
0.1871784503541238
0.18587598478059544
0.1863193737134882
0.187254732250376
0.18754469162774848
0.18813984388813898
0.18713976190928247
0.18744484685117108
0.19030419043527422
0.19576579134096148
0.19670718496681333
0.19922144555385618
0.19664683649175413
0.1901542503428678
0.1829361581104151
0.1815702072008782
0.18187037059381087
0.17375119629493324
0.1727263085553768
0.1730890444929932
0.17463089795027606
0.1762780844893338
0.17653590378031173
0.18050182995832517
0.18185275368069856
0.18148734047691087
0.1829550073320819
0.19034688689890591
0.19581276510435408
0.20150507487360322
0.1981301285801466
0.20247046037937605
0.19861517362554357
0.20131591648273672
0.19370763135004046
0.18893392141466708
0.18983376165294877
0.18689464623560254
0.18466606735211097
0.1888681818551529
0.1884604178664768
0.18754316214535302
0.19215821202317993
0.1931565266725417
0.19330176511867106
0.19301368669120408
0.19210397855699518
0.18953703553226006
0.18961583222461373
0.18748666722132393
0.18773979129173593
0.1882040821251591
0.18714799385998646
0.1871960186516382
0.18542202203650002
0.18763972346201804
0.18534545665666594
0.18603297802651309
0.18713692801250612
0.18720521609319934
0.18750124235465626
0.187845302221697
0.18923021045425148
0.1909295167829491
0.1918530311989421
0.19514824669276282
0.19532894823756752
0.19400225329523801
0.19396237839253921
0.19438762983942248
0.19451540223261884
0.194449442934518
0.1946158994011298
0.1946585851184458
0.19495994360583283
0.1949440613744843
0.1979733213875617
0.1984431533489731
0.19862344450874633
0.19847289805702698
0.1981387988471202
0.19864021871973916
0.19889233943612203
0.1984939576221334
0.1982866123641751
0.19630686421118357
0.19677454124237986
0.19718293477686166
0.19792519568200392
0.19679222572397542
0.19689328405490317
0.19703748320221254
0.19785732552326643
0.1984293725984575
0.19880186193805507
0.1990841369357102
0.1991752631487293
0.19920656724471075
0.19890364553956016
0.1988524740328514
0.1990295407043757
0.1972455340375392
0.19722471813729908
0.1971356033480818
0.19667348257444936
0.19669724762087892
0.1992160647444848
0.19837837276128367
0.19814056432272806
0.19780084432363365
0.1977094671558858
0.1976340632380005
0.19729419181315339
0.19703271133507635
0.197082294510651
0.19703955778597732
0.19681038998044362
0.19701991163298804
0.19713309453785693
0.1959541783273567
0.19581877880386886
0.19657072650062568
0.19596435746021043
0.19604521966730146
0.1965984725264182
0.1961742517768877
0.19686192774561426
0.19716948653806782
0.19716500084083852
0.19764404270297384
0.1977462135330587
0.19621742823264324
0.19641427798402752
0.19656783621417212
0.1965300681173844
0.1959312706451286
0.19705286041255218
0.20032172964181638
0.19842995399205457
0.19874143480386844
0.19856002501786207
0.19854890136359846
0.1983197669799852
0.19980382298821162
0.19750330315561712
0.20244360919529678
0.20261241045612602
0.20199407704161157
0.20101066380152854
0.20115277225269904
0.20108161934060162
0.2013002369662261
0.2014113382857932
0.20157552290017114
0.20145715908430867
0.2023036968922821
0.20211624695352018
0.20253737240923048
0.2009541866485096
0.20102428403644731
0.20223908945946473
0.19830300941532164
0.19758924839642888
0.1967727981184279
0.19861197770708663
0.19851147965992047
0.19828462148176162
0.19847736378248443
0.19827146833528614
0.19764772601379843
0.19722592748695048
0.19727289399452227
0.19755246683480193
0.19788670117015045
0.1984415470616211
0.19859209930085317
0.19859083443701106
0.1997161606262996
0.19993073612547713
0.20041363570782636
0.19808019168907645
0.19960597872447755
0.1986767567142463
0.19777108115660483
0.1978369554792324
0.2009014888240359
0.20061066714951611
0.1999353712876483
0.19708683466401672
0.19502668121397929
0.19573960301434298
0.1957085151198823
0.19590454002447705
0.19611402667767397
0.1983895637552454
0.19778709837148215
0.1986083147535337
0.20004655078017633
0.20071685195383396
0.20202437880023277
0.20129650366270666
0.20199961917283943
0.2011961575872808
0.2018435220140472
0.2041574319758768
0.20477275041187035
0.20483859534637083
0.20189251241607065
0.20166922320053357
0.20222178544219813
0.201736717701393
0.2019946557658118
0.2012280289208647
0.20306968398963476
0.20245620295372443
0.20143704850762392
0.2004401470874179
0.19960616303234352
0.19911500974997015
0.19886403953843207
0.19871232562422306
0.19832996730763322
0.19833671894875013
0.19814565795794742
0.1980811009298485
0.19854053187343867
0.19716359692279825
0.19697367123112816
0.19705585280110668
0.196999992750327
0.19638518810892253
0.19744343508368362
0.19795886557911727
0.19703767207051942
0.19646120727676303
0.19618298149048383
0.19651152086620916
0.19690405531980912
0.19637666803890316
0.19790970088918455
0.19804703797771286
0.19786908214507518
0.1978011122978861
0.19856799302492426
0.1974359028354293
0.19739919781679277
0.19647517922773317
0.19679830660886652
0.19608698715512055
0.19689770009418012
0.19627102200115232
0.19806938964096144
0.1983270206784546
0.19926799963623051
0.19839863273071734
0.1986386572174482
0.19779578009235949
0.1978588086874112
0.1979553014019505
0.1987150672125911
0.19552263168477807
0.19527039663958518
0.19626778363367567
0.19897342228365628
0.1982541310637488
0.19735907693988353
0.19671713194475002
0.19678789487623927
0.19678270304872775
0.1973350643946354
0.19795557558504742
0.1978595727760767
0.1976310195703689
0.19774556601645862
0.1973607153271028
0.19740118184168218
0.1973670410114485
0.19743937122396518
0.1974425636794464
0.19779579342563255
0.19832262244975096
0.1987558164538573
0.19884160347330582
0.19933766344499165
0.1992725573671612
0.19916156275487573
0.19916818289602936
0.1990901132990098
0.19948392013995336
0.19965871376682803
0.1993776354083931
0.1996287472847438
0.19945452537970196
0.19896035861374353
0.1999310912815882
0.19901152301992497
0.1988445076973006
0.19847530416815537
0.19796729411097597
0.19755626845195656
0.19755245805526947
0.19777992563966024
0.19711044409044062
0.19725259324965588
0.19746283824512906
0.19853429922093316
0.19912611715217607
0.19825081929111832
0.19841936681754968
0.1987819272756918
0.19930301640331954
0.19935984382947344
0.19961392583535173
0.19771402599852764
0.19767299980924966
0.1975994072826239
0.19775197117716506
0.1979979282725871
0.19601465199922596
0.19593283079451307
0.196289445596868
0.19658744451021648
0.19673990822203857
0.19662293536075687
0.19718008820691857
0.19674483556574907
0.196836192231907
0.19683014980343558
0.19705710295765363
0.19698373231304386
0.19732262816717747
0.19797317669301095
0.19776818840909866
0.19824633482826373
0.19845274142766595
0.19819871462047936
0.19862736530147057
0.19964405826179463
0.1984044741687987
0.1987960501728751
0.19921097477264624
0.19947788171821468
0.200423525812449
0.19827811276255297
0.19860259998555677
0.19873205743478065
0.1995574686389725
0.19870283386453924
0.1987939659295801
0.20106510028159938
0.20060274733370662
0.20019556168667949
0.20077953737481333
0.19867309056493226
0.1987017620771534
0.19820471567549397
0.2001767104795733
0.19875353761254744
0.19894635689320206
0.1979014698145882
0.19880670844186954
0.19707286772972943
0.19683445754994208
0.19713019397210982
0.19766515944400073
0.19987079993469664
0.19804188002199707
0.19795185435887938
0.1978532041040641
0.19769100721024133
0.19863695404602041
0.19649406848491666
0.19714933401987467
0.19780598207258662
0.19530331636002976
0.19659757447462203
0.19685521070236778
0.1969353259010038
0.19326829830593514
0.19349304879923845
0.1929916988467023
0.202127577672702
0.20194544670781356
0.19877584450955513
0.1992422544586148
0.19923234149939895
0.19795069547656577
0.19749520997922196
0.19801330160302344
0.19852829469134217
0.1951764419257191
0.19781608204070913
0.19581435690144705
0.19543722763827023
0.19778456015725068
0.19636045681252265
0.19636585952203697
0.19635642473863738
0.19656236490015966
0.19645259049892233
0.19618507212567984
0.19651366289291672
0.19697571592634128
0.1970434431471577
0.14917235851617155
0.1468968022014444
0.14653545919012848
0.14558643610116953
0.14709885458395416
0.14662903072638653
0.14669937511094447
0.14711877082529112
0.14890338866349173
0.1485961925355687
0.14883441077901913
0.14814945660674234
0.1475884159909026
0.14640441861394587
0.1464694510161695
0.14633722239425961
0.1462087788621894
0.1460429519434775
0.14603033517156752
0.14620720189457123
0.14663689368242677
0.14809447903649997
0.14775182039450768
0.14849166258264848
0.14632319298566387
0.1482653254705542
0.15023082316524886
0.1488431428772819
0.1474988653929425
0.14687998742574018
0.14658617792558046
0.14664055943118254
0.1462506331458721
0.1468875373518909
0.14725078002118494
0.14586608042003027
0.14733080729714393
0.15111746264556933
0.15239458433987602
0.15580124273786958
0.15888852105453535
0.15969518811412442
0.16150215479902172
0.16168621946222592
0.16182669171860944
0.16224233328732998
0.1654650206500894
0.16398833472990212
0.1612287280891163
0.15333346774611123
0.1527904323362239
0.1528417447751273
0.15314432245553705
0.149520738143768
0.14939070980737315
0.14896146524719403
0.14822043845420482
0.14738454358932185
0.1486302607592226
0.14742653661908253
0.14781558231244507
0.14922374863372348
0.14875316727897936
0.1486440339645147
0.14818221865355657
0.14819572474802137
0.14808247720410864
0.14872680815873887
0.14800985624944193
0.14713432833452683
0.14789684213116888
0.1487153804998559
0.14779113726233625
0.14827015764448936
0.14822642713165632
0.14946344687907387
0.14988284801773033
0.14895405148207153
0.1499799511147131
0.15133056387006721
0.1522419022498208
0.15357328259511857
0.14869036404163793
0.1488577109427012
0.14968026886407684
0.14816756194538253
0.15024832679902425
0.1484142398296362
0.1517039770240659
0.15098818292960703
0.15127488956246896
0.151203982319532
0.15056720296308002
0.15132667360386506
0.1510861569317358
0.15042212647354958
0.14989257766774786
0.15015138932911304
0.15090744173377094
0.14953730520627148
0.1507356215099762
0.15118387343622586
0.14833800654000334
0.14876866648802164
0.14990990393652587
0.1493364071998842
0.14921818259215097
0.14719714082970614
0.14797685635379712
0.14871623910942947
0.1513390615121614
0.15155126131503405
0.15248702470037934
0.15133939686784412
0.1523120050132484
0.1531668638591352
0.15325121950986834
0.1546824688160886
0.15810897982212418
0.15863450032663612
0.15793160811410875
0.15814165563650986
0.15668950456610892
0.1572386145067207
0.15710958620199345
0.15762536389900503
0.15675029126120482
0.15521382894491015
0.15457808197847775
0.15362620204911015
0.15724494486930474
0.15913605041775467
0.16063998324165507
0.1624624733414465
0.16143452639938216
0.16185272228930217
0.164336815880628
0.16647523596218392
0.16803666910314669
0.16805618610821907
0.16837224928612277
0.16814582107646114
0.16798698876776738
0.16806196135077495
0.16874169319711238
0.17231616039609932
0.1699695831578177
0.16938142365714381
0.1656688119626756
0.16661722450918676
0.16424352199286874
0.16286090814310822
0.16154785494262902
0.1588911439216778
0.15812112105178092
0.1572964308564054
0.15687690225763687
0.1568895434605195
0.1570078204035247
0.1572359043140264
0.15791731270185386
0.15605786526356855
0.15536793977073887
0.15467329456392703
0.15475230306433846
0.15519398137564894
0.15512705850516695
0.1551779393002722
0.15427218276759305
0.1552667367443741
0.1551302231777383
0.15369192720449554
0.1540866219813815
0.153566032531149
0.153752102658852
0.15142248042180945
0.15158531621930063
0.15012294681589816
0.15049460562315103
0.1501483396511366
0.14984313873232205
0.14959642183869418
0.14885298151144713
0.14927599745197145
0.14898069458754212
0.14815465465332125
0.14814429970404058
0.1481274012160356
0.14806573223660582
0.14811291502884563
0.1483063486068269
0.14810221528976283
0.1484665489246171
0.1485551570498297
0.14978929910473904
0.1500666899979315
0.15019776373881283
0.15042923202313566
0.14900161416516225
0.1477438748674163
0.14718989321491646
0.1467070888191949
0.14960392468239975
0.14591500080514633
0.14602356034343333
0.14616717214877933
0.14603310466662545
0.14618795574741394
0.14456006632412144
0.14465455362953328
0.14308409257469526
0.1431346667880212
0.14332236039112647
0.14269186519339272
0.14278327678023023
0.14325161997245803
0.1440028996331321
0.14429643474413298
0.1444176226543558
0.1446482680072768
0.14451829376213965
0.14558947659701157
0.14556122521374829
0.14561567158877475
0.14572588044552845
0.14408598658475585
0.14463900747878222
0.1453182770987025
0.14567414457339412
0.1460978713187036
0.14639798023792272
0.14774812754617703
0.14775092820624644
0.14741238532962717
0.1470057053096914
0.14706541347548255
0.14681211783842343
0.14649823662315703
0.1462764101701236
0.14639421941564176
0.14671537397445544
0.14707687987688112
0.14691164984956676
0.14701007998159987
0.14695749625632792
0.1468435206033104
0.14760748805984145
0.14776451164073157
0.1482798584847955
0.1480537824332363
0.14713964536626709
0.14746210503476542
0.14629221801054648
0.1464544612664803
0.1471502843082678
0.14773492177155306
0.14789718571881147
0.14733545854201915
0.1467633083663902
0.14680874159319438
0.14581870222103213
0.14587853836790907
0.14640161915712008
0.14665675917359758
0.14565479338943502
0.14465117890937715
0.14434963080393573
0.14450257068212438
0.1447339438485888
0.14527993082076285
0.14555297163485006
0.14740406999539157
0.14753621886035484
0.14766207279364496
0.1476443861519821
0.14750286060034784
0.14773958297182263
0.14624170432866793
0.14655713359715594
0.14596841499718485
0.1465790531659473
0.14686140644785817
0.1473807711334918
0.14709257153882394
0.14713432674828122
0.14532089288599642
0.1453134175673077
0.14549423157371874
0.14566390389248993
0.14700631149445284
0.14806997378820005
0.1476031272984519
0.14778905335032186
0.14883706483287162
0.14772353931707094
0.14797125986690507
0.14776398340938063
0.147261529226502
0.1470769015474833
0.1487804857395793
0.14938028030093756
0.14794814577437226
0.14799954211513539
0.14801501270342063
0.14791839391855963
0.14984999584477104
0.149163012062466
0.14908436266980243
0.149932216210747
0.1510719342513652
0.1501619235804032
0.15082426400126497
0.14998576297595867
0.1490797245475672
0.14893429925508092
0.14919496078139255
0.14868946913806075
0.1483746438538778
0.14854364695378838
0.14869153748466254
0.14876286803359667
0.1489231948373072
0.14781556553655611
0.14712280364740224
0.14919010422075046
0.15036153524209606
0.15175759804757283
0.1517016107433392
0.14899708870915895
0.14913943005092525
0.14905065061757355
0.14884135387063616
0.1488919790437014
0.14888933847513677
0.1490494569775002
0.14884872847614863
0.14760866539444167
0.14726034050847686
0.14690015168855353
0.1476375079557618
0.14765735128063706
0.14836382605021411
0.1487456527864546
0.14890868391970336
0.1501908877519849
0.1505230179100997
0.15064244221678202
0.15107033487189309
0.15026907145863336
0.15043619217708626
0.15062683261827478
0.15073802036754314
0.15226479137895108
0.15228073919505059
0.15209723290221872
0.1507974760176425
0.1505809455559226
0.14944875440473626
0.1495772722036166
0.1501177652238311
0.15003780355295446
0.15082192220453583
0.1510427088528484
0.1510364598809208
0.15089522523281093
0.15094615620383597
0.14894977797212858
0.14905041269583552
0.1491751952865767
0.14939073904832129
0.14990949697808834
0.15148853725031944
0.15026884878055877
0.14915652172065755
0.1492797923147559
0.1493558952531536
0.14874490531765494
0.1504282888830459
0.1503904308711301
0.15037223979297754
0.15060417349966496
0.15128037984421347
0.151074154361625
0.15371435326142296
0.15351988661561433
0.15327787847981797
0.1528179151882636
0.15340274856570155
0.15162790676562063
0.15160046367345578
0.15105189539879388
0.1513047722111055
0.15064158173359338
0.15040182217513665
0.15011213667588302
0.14986579221468058
0.1496542980769045
0.1498884827222656
0.14855282025037697
0.14906215400397982
0.14958170222432704
0.14966455315268476
0.1513894168392787
0.14920942264853787
0.14895956566339127
0.1495867462077126
0.14963044265463235
0.14968742045735056
0.15176348732231118
0.15224150335456882
0.15204217771023248
0.1519230264237066
0.15261016602363697
0.15285891881127156
0.1521557896177087
0.15291647019831806
0.15418522807379634
0.15442675608987427
0.1547534928692617
0.15322934558457252
0.1522282488258383
0.15229577941430128
0.1518406849075004
0.15167012568728788
0.15223989931890392
0.1519541595095867
0.15255738342683703
0.1530382649668978
0.1534759163787289
0.15376351990892853
0.15349069496933704
0.15383693777199686
0.15424022944523805
0.1523524403955567
0.15322457195018904
0.15397075140348035
0.15371073207327204
0.15421823406388693
0.15310439913030202
0.15308134784120347
0.1522974620507308
0.15150215244412182
0.15078083582622662
0.15156406056995161
0.15342456208393845
0.15336098180114582
0.15294306228598561
0.1530911913247334
0.15352022813937083
0.15316730183849583
0.1535042321507055
0.15377315294331495
0.15273107486597448
0.1534272685714543
0.15340682605088032
0.1535168866593499
0.15325458654323945
0.15327269301648067
0.15295906279068114
0.15215512159640612
0.15249517071385324
0.15155067017083718
0.15258912588383258
0.15148469769924808
0.15151014113373268
0.15414379628981567
0.1540512861829875
0.15418522430204973
0.15431092537690805
0.1516470411639721
0.1513885382639245
0.15082205466271326
0.15151406769435488
0.1492541886651008
0.1494931075848664
0.14893239856939877
0.14887417620992668
0.1493808585696373
0.14979879487775138
0.14964749666618263
0.14978851560362752
0.14998718378817644
0.1500859458470131
0.15003347524296787
0.15002552759166365
0.15107643335257562
0.15116594822433269
0.15127087986402543
0.15136609783766494
0.15147132119350254
0.1507188613748157
0.1512213930605953
0.15139293051796324
0.15038538994627373
0.15132343062610237
0.15168730099615968
0.15154638300291973
0.1501267963183721
0.15005989662466115
0.15016068768156937
0.1943538803974985
0.18752090284998663
0.18849993944510998
0.19172197100985666
0.19291487976382635
0.19562401831680296
0.1973964174637467
0.19916372856529221
0.19994772090605772
0.20095057172001177
0.2025063912795137
0.20290769548633472
0.20368317902877778
0.2020601059564891
0.2054970715419583
0.20310255660767967
0.20278773401707517
0.20216577535825386
0.20170580173652533
0.20149783331518295
0.2017812581025211
0.201486586536312
0.20538999043147355
0.2037738113698487
0.20594660229591621
0.20367546367331227
0.20283809857011006
0.2007863043194675
0.19994324533497124
0.1998659358077346
0.1998540470182256
0.20002648231411302
0.20032528779493625
0.20076045423937314
0.20118624360405934
0.20133590148135344
0.20155588111858946
0.20155545741528208
0.2018726905986332
0.2016078415708771
0.20180674923757558
0.20188710949101155
0.2023913114176802
0.20194390552039035
0.2018065490884236
0.20214333771653603
0.2018041930519745
0.2020390484256819
0.20166745429550473
0.20207622318874724
0.20187290539269273
0.2021152330522592
0.20217608706823
0.20217371287366634
0.2017801797398092
0.2018587985532943
0.20172186217072635
0.20182469224320002
0.20205499118456446
0.2017176133343746
0.2013117649492698
0.2009777647282372
0.20081329153037805
0.20153186039313783
0.2010737717622077
0.2008952955860389
0.20093113514602126
0.200202878180691
0.1997323841650754
0.19885766730358004
0.2021676381324072
0.20115657392914532
0.19996975269568318
0.1994866099497475
0.19922948028997534
0.19935921754866143
0.199485967945586
0.19844863731886345
0.1975371880679833
0.19726035173346643
0.19754627890293203
0.19737093805106315
0.19717279834420212
0.19736945715003637
0.19722222036447357
0.19730470461843785
0.19796853974151526
0.19806708820834196
0.19760672282382957
0.19713311438213105
0.19846564954519577
0.19931913869270756
0.19905757624550774
0.19926639296366294
0.19936364912910137
0.19973035504670122
0.19936323216851112
0.19870885093254015
0.19846608679740363
0.19869728427639188
0.19877792821294693
0.19881408929686042
0.20127587474261133
0.20155294215829328
0.20125133136456452
0.2005525149766931
0.20056084195162202
0.2005141079076267
0.2002779200908652
0.19988649848550213
0.1996528369346375
0.1994331474641378
0.1986890803668177
0.198800507789516
0.199222776316649
0.2003173107184144
0.20080245530858734
0.20085721425148328
0.1991938757523868
0.1996025787109147
0.19851122397993132
0.19913979179672614
0.19852108183833544
0.19895965458883041
0.19960036359411812
0.1989425746189226
0.20018247504221057
0.20182936258981563
0.2028389462134657
0.20359984613999682
0.20268876114071813
0.20473389712411394
0.20286526631021043
0.20341319314303927
0.20077013083245895
0.20429010170854037
0.203230132743183
0.2050121881618835
0.20410363977792514
0.2046694455207175
0.20434334416837813
0.20529381797055934
0.20547431225730353
0.20605417363460798
0.2058272688182058
0.20569405114042275
0.20579588202482293
0.2043088609055662
0.20496445568822572
0.20390038359476645
0.20357178185795016
0.20401549045822312
0.2043339236677337
0.20447297092647154
0.2044571527450827
0.20441378619292477
0.20441919996020888
0.2049132748266689
0.20476571965479637
0.20564120866998611
0.20546199176113245
0.20526513280589048
0.20511975965910473
0.20583163328622672
0.20563802446389903
0.20553944066018107
0.2035531289356759
0.20441129285697046
0.20508111689406802
0.20435541727520953
0.2048167188117549
0.20512783640442697
0.2029466239465702
0.20345437875158584
0.20374540934819427
0.20402276206325184
0.2044513717340303
0.2044581323875273
0.20456880535223418
0.20479675443223266
0.20395002013501456
0.20389176656043576
0.2041087871038341
0.2052572713190579
0.20531433967056037
0.205357668039925
0.20759625021271996
0.20788726281448547
0.2081000036892921
0.20857406637278858
0.20687080333590838
0.20655318177201945
0.2082517510729201
0.20741265325048752
0.20677157472362076
0.20723444909218394
0.20579522489500962
0.20563924060228467
0.20391762132964011
0.20356654435451343
0.20496491463208713
0.20370593115659866
0.20409349957372502
0.2041319555127027
0.204179485553803
0.20454518320607973
0.20441255208596923
0.20330295201169304
0.20314582604673936
0.20267437726893955
0.20255183415141906
0.20100689495516294
0.19987443722974163
0.19966898261539257
0.2000783938788251
0.20042139868575562
0.20049569572973652
0.20009456017497204
0.2044874115877829
0.20235234726754217
0.20304568762385877
0.20219646987420128
0.2023410787277838
0.20176800983094625
0.20050361917012305
0.19978445252582053
0.20012475829918172
0.20098283067261083
0.1980295950688622
0.20436116795712228
0.19965421122186186
0.20689458275132225
0.2040786418443889
0.2037146065773436
0.20352548714755697
0.20300696361366863
0.20198869238544168
0.2022403878005244
0.2028477327408104
0.2018968756639138
0.20651237774458434
0.19959433639993607
0.2068301059301992
0.20254513098215018
0.20540602535419547
0.20460580649995677
0.20109213395113254
0.20113866606887074
0.20112578718868065
0.20102139827854168
0.19832549184547207
0.20428842208651515
0.20213191448449777
0.20249605230272874
0.20027292363883303
0.2039350294841834
0.20414521592162535
0.20528108915653057
0.21020916811648938
0.2053080084569551
0.20427668834069254
0.20614267966860825
0.20412247757051594
0.20361435130443625
0.1991113303564018
0.20091702872641945
0.2006667750833549
0.2002476471432244
0.20211982757995933
0.20176416990494334
0.2013664677303255
0.203565969782505
0.20186277043409348
0.2027579918122512
0.20298929003290714
0.2029750401140564
0.2029600048274774
0.2026067344900945
0.20304960990981724
0.20308459608526172
0.20315711851217075
0.20311172858836926
0.2033352686090317
0.20368933528852526
0.20377632136238386
0.20223832385660687
0.20273959033093347
0.19983128907576414
0.20383583146853196
0.20166737308647503
0.2030926818763375
0.20097988144257856
0.20230170506977116
0.2010092421870819
0.20750261214614332
0.20380501994886827
0.20305550286349586
0.20207030595524794
0.2025720011381251
0.20074047302105608
0.20117617743749508
0.19926973981007629
0.20146729014564602
0.20049455897793295
0.2004225854732636
0.1982070554309326
0.2032171393013097
0.19995290586471218
0.20483802627784659
0.20038629001358843
0.20281273317097423
0.20088407975816513
0.20109414766095848
0.20074703429458532
0.19987476446185332
0.20303257022677856
0.20212298926604072
0.20409787139333554
0.20396088826268036
0.2043783559764581
0.20237148276265957
0.20239664924828363
0.20056300079510153
0.1975875269387391
0.20181722656290862
0.2011401641736411
0.20046999859384157
0.20369423431405054
0.20001645545813979
0.2004460650083168
0.2007702966360684
0.20391455046417392
0.20359734702709298
0.2045100245727397
0.20371421853187346
0.20307720560027537
0.20259134157488343
0.20209748917122522
0.20351326522529403
0.2027713204751879
0.20246516179962828
0.20167089492277954
0.20085366737167906
0.20068065925177161
0.20023555346480243
0.20005661005942033
0.2006309616043387
0.20055305955918956
0.20217141101827665
0.20230422005169094
0.2029061598137414
0.20235289919388313
0.2030868429062884
0.20304183558561542
0.20530895366130092
0.20423615039483348
0.2036241417760879
0.2030473175902546
0.20223181594155257
0.20258789055348608
0.20099592733906826
0.2019465289977173
0.20168103114283273
0.2008991001376895
0.20048445928212558
0.2017882205012003
0.20135404234024698
0.20088132848765608
0.20080644099410655
0.20142323316046448
0.20154081143482372
0.20128238950159696
0.2000419767627029
0.20076673128359515
0.20140362176296076
0.2008630271692217
0.2053970134388528
0.20411792213463661
0.20313045203513827
0.20320964541034528
0.20391118103982184
0.20432936446791572
0.20405903685629118
0.20404812028313404
0.20385443136712444
0.2039860500754276
0.2040210457373209
0.20437375427585452
0.20430236959654505
0.20415013870143356
0.2041794837554119
0.2040046786222683
0.20410782640995945
0.2043342290542787
0.2042905267985101
0.20442094171068445
0.2045452447976841
0.20459673389293334
0.2040859392669748
0.2059593047118394
0.20467402581873392
0.2060368454881628
0.20598566485869838
0.2060208423746584
0.2057998100203007
0.20568023004026992
0.2057229755663463
0.205863967091953
0.20550315306332023
0.20521476137925976
0.20386957720246285
0.20366222805737763
0.2039665592606404
0.2038310311830393
0.20435229026394194
0.20482444617215087
0.20507383756157493
0.2043561700998312
0.20888764706856897
0.20574666122886387
0.2080403770108486
0.20621278856703118
0.20694625420397622
0.20555627207313465
0.2055808007540186
0.205731642772379
0.2061692147059045
0.2063204829732172
0.20672853567956187
0.2071597199268765
0.20770907770587207
0.20781436836660902
0.2080705238285621
0.20823010064764202
0.20877538245698787
0.20780215044204078
0.21089834602832622
0.20998048676688158
0.21022324047853022
0.20963982822023164
0.209695528222564
0.2095133803057601
0.21044337229017873
0.20962122255832757
0.20976705317266556
0.20942561683338248
0.20937696635036285
0.2072177260417791
0.21076195526340571
0.20990265733776703
0.20949781278677357
0.20949537629000628
0.2095620236576687
0.20950362326933028
0.2093394658218388
0.20902777781800846
0.20919452559852975
0.20907992284686996
0.2105324209123438
0.21008601192251466
0.2099834667957461
0.20971642482061284
0.20970016489259305
0.20958123842183587
0.20900309116797686
0.21127357356738843
0.21128112034236315
0.21100788537951712
0.210740151856599
0.21058966158537099
0.21053666702630078
0.21041707102920587
0.2098778461884202
0.21194500320013065
0.21033896060687962
0.2100869378299023
0.2101230002808956
0.21010720404154057
0.21021992044468318
0.20995925176763264
0.21490793216778223
0.21401244306922476
0.21370418214309825
0.2120645191482999
0.21287042008983117
0.20802082921997692
0.20856268986752893
0.20838040010306413
0.20832094914079927
0.2071116382882267
0.208826773216056
0.20663411919935687
0.20788571353809818
0.20518125611966107
0.20623460830445875
0.20564136289991886
0.20567001345623917
0.20592803570772453
0.20699153804126794
0.20709580101536684
