0.20139911224472823
0.2021769084448807
0.20277864212335384
0.20286954535413468
0.20364899555804758
0.20493543923969848
0.20525761402433068
0.2056898018429698
0.20610043274412398
0.20589613580156582
0.2057279817660742
0.20524053191201955
0.20404170842902747
0.20464215932231403
0.2039732119428371
0.20414089928472648
0.20489476691338068
0.20554416801178577
0.2054421686752804
0.20627908126230082
0.2062938385012417
0.2062771352849116
0.20502704836727947
0.20522333712776133
0.20415705098866768
0.20521781938262937
0.2056969607142706
0.20611226204583158
0.20608154098559597
0.20520447135438902
0.20567917478223136
0.20626155087312756
0.2063589636839319
0.2064875618764265
0.20462691014552573
0.20510353959046468
0.20509933993134694
0.20537194718941607
0.20589540472888643
0.20605263699878237
0.20593598832031768
0.2059810157974194
0.2038033063049105
0.20448899203760165
0.204742529499168
0.20489231480572487
0.20481593449387173
0.20490447746623766
0.20308766802808365
0.20390264275714
0.20250126756147274
0.20118374051533022
0.2006898014974596
0.20063862348769504
0.19991184303756568
0.19977005159535005
0.19972896550176705
0.19991227636640344
0.19961877446647022
0.2000330681389146
0.200161135193611
0.19983203557214124
0.20098046787302137
0.20061232516485003
0.20046619735431723
0.20051096231935545
0.2002730711336799
0.20005592965493038
0.20023077941162282
0.20005304287874337
0.19998009636334924
0.19925521035195606
0.2016335286210774
0.20163758864304535
0.20150548997689305
0.20057134973644164
0.2001939858006701
0.20026718587522896
0.2000399762321038
0.19925835972834283
0.19976649551173686
0.19973337299130425
0.19941825310312852
0.1993396671575677
0.20086747471118716
0.20072374217564526
0.20058255370587827
0.20007125933272504
0.19962134527500222
0.19998944696703694
0.19972306792129466
0.19966332472022347
0.19903633534964232
0.19944690244503893
0.1993690432795755
0.19992847107642764
0.20006944975114765
0.20091940655127905
0.20032747661429737
0.19992907866009815
0.20073521784979
0.19991768830723877
0.20149673607428292
0.20132752440780974
0.20174284075655294
0.2013442776102054
0.20143157931197472
0.20135894796314635
0.20093067887980134
0.2006358015799436
0.2001507018964298
0.20097421575028257
0.2007625875766495
0.20135933276934523
0.20091921638385468
0.20077187974273247
0.20061863658411738
0.20048869396727223
0.20034293907862752
0.20014513547368848
0.20033403093710228
0.2003301741675269
0.2003581553938262
0.20012382244743446
0.20219472121969798
0.20115518698693405
0.20079389997814845
0.20015177471382165
0.19926115803220507
0.19912154416249395
0.19867502421452007
0.1983565656940758
0.1982260698551309
0.1982710383996986
0.19824709177950303
0.19815763778444134
0.19810874223892727
0.19805849076277252
0.19817108616999748
0.19817373566432478
0.1982832604864687
0.19829104645930984
0.19833689197092086
0.1979975872022738
0.19778657311163042
0.19782043464161947
0.19797475838499237
0.19799005286648114
0.19803309909910893
0.19798571825090386
0.19812185267361496
0.1980189965848547
0.19784368109277503
0.19790246351130414
0.19787350031122214
0.19792613816485563
0.19800608579441814
0.197983500985822
0.1979930752398719
0.19784610930835564
0.19792944274026783
0.19799955484436876
0.1980597882259849
0.1981228160618098
0.19816800648585145
0.19717844655398295
0.19727178768548567
0.1973888426808601
0.19750801374262048
0.1976403958434831
0.1978163353393278
0.1978753769034476
0.19791396011995618
0.19900374113877575
0.19873856131949358
0.19841526088451458
0.19837215524406415
0.19859736536929998
0.19850833306442411
0.19858610390550258
0.19853026182173478
0.19860849466987468
0.19975054170182432
0.19966434647063291
0.2004009463983058
0.20018478731462014
0.19946426607904488
0.19917031074477604
0.19894570527806596
0.19882694650212834
0.19893039905161053
0.19877837547778274
0.19862924031831183
0.19832392066098847
0.1984806308407855
0.19844823597032593
0.1981551011260686
0.19857826640012122
0.19847342281455663
0.198390384712168
0.19835917198962236
0.19830779360693934
0.1982797625667131
0.19839783092136595
0.1984340185170202
0.19855896364783304
0.19865288187699012
0.1988516844772581
0.19881397735073617
0.19884460795699263
0.19893670716440817
0.19881048947029362
0.19872719694150046
0.198507353792459
0.19849298943132726
0.19851492201168947
0.19856459957958073
0.19851871215148906
0.19852211829283217
0.19846043652530587
0.19850273356663112
0.19868869844853548
0.19858128902854025
0.19841739506856035
0.19838592363608795
0.1983647688662801
0.1987355660090681
0.1986777137598014
0.19891795720813477
0.1989546411771761
0.19904018283621508
0.19903456198798766
0.19901269120061588
0.19899784032503412
0.19858164887679505
0.19851554023900692
0.19855741214451847
0.198580219785718
0.1984250986370464
0.19854094602649627
0.19843488305518417
0.19863615837475634
0.19922035564851248
0.19988235183318132
0.19980458428049414
0.1998758703233105
0.1996253735433207
0.20039145949366124
0.19962597832585374
0.19969097769428087
0.1997097505237202
0.1999984454528063
0.19984268924075066
0.19965090945171543
0.19951609846265794
0.19963465198678518
0.1996836818485779
0.19979262156956956
0.20022669734618861
0.20048545085701922
0.20198631366182648
0.20190050859965714
0.20159501781345682
0.20157410693400885
0.20086098919182171
0.20185380573737857
0.20243964580019733
0.2014511870199085
0.20083532487312436
0.20070215322366683
0.20073957268953965
0.20052921530981205
0.20048724748880115
0.20046040374746507
0.20041633517301827
0.20050481881661006
0.20053666412272125
0.20047922924018421
0.20051652884790122
0.2005653817274128
0.20043509562190825
0.2004278626135436
0.19988259406586803
0.1996523741622561
0.19964606590745515
0.1995484709350282
0.19957839815226372
0.19984949440780125
0.1999035796565061
0.19996167081865213
0.19992356614991028
0.19991820029873664
0.19983412747704385
0.1997220106576007
0.19964057510703687
0.1996389653679715
0.19983422876535642
0.1997249137829977
0.19964182436179145
0.19958194003333107
0.19972159373024653
0.19955626296753784
0.20103864199272675
0.2008434047940163
0.2023763150813815
0.20173940400727636
0.2022736198931908
0.2012054163854263
0.20056722036158472
0.20042379217124934
0.19999754616467771
0.19977305910302018
0.19975436072440783
0.199803483892213
0.19972965473402152
0.19973697599404458
0.1996777402723097
0.1997111941571712
0.19967159101309878
0.20020412216865502
0.2001527359034842
0.20128949843208882
0.2006071893603497
0.20044224263694901
0.20026641068295367
0.2000505627821206
0.2000151220844425
0.19965822767891625
0.19960952373844157
0.19929867585233013
0.19933056328758894
0.1993434732971062
0.1995356873855233
0.19983552857738088
0.19975526571989644
0.19972336616720548
0.19971973210518093
0.20000534838493178
0.20076079969121827
0.20050274163082318
0.20055851631259908
0.20056729592838834
0.20043817646824763
0.2004191228763191
0.20034466215865335
0.20008345578680092
0.2000644683991277
0.2000415923361373
0.20000976613363516
0.20011784902699167
0.20026970164716168
0.20019762464669283
0.2002920035473107
0.20086250794368843
0.20066874097240325
0.20067135958229126
0.2006129961646212
0.2004824777801119
0.2005037448890432
0.20051203427436518
0.2004239774626412
0.20028477350412463
0.2001573864776593
0.19994869044922792
0.19995207026147646
0.20010320196634304
0.20000907823869823
0.20038009353677214
0.20001399931399466
0.20002362893029632
0.20033401488318506
0.2003165481952217
0.20004002773250334
0.2013900148583159
0.20134017932194237
0.20152774105161123
0.20132024802111437
0.2029826153205943
0.20306859416418727
0.20247515720216516
0.2024435182397681
0.20168202844780042
0.20158557477613673
0.20121523534072472
0.201059453413394
0.20095440791648075
0.20103561978105755
0.20235332738564843
0.20287679202526884
0.20218121887647125
0.2026593981163187
0.20253472139865764
0.20254350045421082
0.20380979462558493
0.20445012008584698
0.20392508006225102
0.20423302451946326
0.20365949860968774
0.20422274530938805
0.20367959802781646
0.20406237115815407
0.20385655712092893
0.20382484441399357
0.20249320412365768
0.2025512595617047
0.20201666943876817
0.20227129158919546
0.20239383718527001
0.20259073194031366
0.20314832994742246
0.20452209701933483
0.20449098726460158
0.20445478088077512
0.20473353313705367
0.20544180596799716
0.205417266478717
0.20518010083018717
0.20533456075707246
0.20618384393242598
0.2058923568704567
0.20622150854202254
0.2058262008360752
0.20653513123552528
0.20575377476417533
0.20653558511804854
0.20506334189138392
0.20541313733090383
0.2053512490616778
0.20665138940634675
0.2063133008872159
0.2073354384687604
0.2066985797159863
0.20715889977134158
0.20575973408366532
0.2059899870005856
0.20659232126553023
0.2062572806856156
0.20639571531717163
0.20591903551568305
0.20619122730813663
0.20525500776936645
0.20587401585529297
0.20561943481948644
0.20594161157011795
0.20539550787151029
0.2058872825477278
0.20555410057435833
0.2057993183264768
0.20531009946951026
0.20573697458541304
0.20541878361266178
0.20628946573300755
0.2057906333008628
0.20557142997756286
0.2053723054621885
0.20573504641434098
0.20570117191195525
0.20615205113936586
0.20605566677864476
0.20649808888049515
0.20542811872362327
0.20589319513196738
0.20568887015049314
0.20589763039283693
0.20574481235593067
0.20554872046632333
0.20527681806358208
0.20623420481584404
0.20568488097557114
0.2064023158701486
0.206519148563743
0.20882529742940836
0.20928988611781732
0.2102654256518658
0.21268447572671856
0.2158871624109556
0.21600182190574116
0.21514245151037195
0.2179846772312143
0.22419591664935867
0.2232110235815853
0.2232328204417795
0.2229518435730642
0.22268674362998453
0.22267028721820498
0.22153353697825554
0.22155386814015862
0.22333189899548567
0.22054111240997654
0.22058713833111207
0.2194073099361475
0.21954897622510627
0.21919679235747877
0.21928282644587638
0.21964800658917186
0.2204275341022755
0.22115471862986621
0.22212980919050634
0.22307770802061072
0.2238551601841822
0.1830422963546396
0.18918383186298432
0.19139642768408222
0.19180269909014702
0.1933456367671558
0.19328682686652343
0.19313045376584156
0.19410714972255838
0.19545942309438685
0.1954454394557606
0.1954036165138445
0.19564463291573722
0.195649096020624
0.1968024135539709
0.1974014503440411
0.19685636986677196
0.197645742333843
0.19815894849938887
0.19657999407021226
0.19738987942709701
0.1972711073426999
0.19733283379556463
0.19756179474251626
0.19581194388604214
0.19592649738048531
0.19638335702671889
0.19681206379670396
0.19719062750580105
0.19824787804597863
0.1985009639813258
0.198662643460849
0.1990517791274151
0.1991301850706908
0.1993471248187409
0.1991872919514014
0.19905593808407834
0.19926628513624206
0.19940360809334554
0.19943633070836042
0.19937719125429554
0.19938034767953444
0.19772914590804355
0.1977336737959852
0.19778925320335444
0.19784315122990906
0.19771719778703772
0.19813183510792226
0.19821178611525894
0.19865095267348004
0.19854960759963783
0.1985974522262537
0.19872376416879628
0.19916783082951456
0.1994040721043768
0.19916752182466388
0.19916479946663415
0.19906743148734507
0.19926389266659783
0.19950254837310435
0.19944567283355116
0.19949293268711707
0.1995946903350387
0.19968885605572279
0.1999147628739626
0.20036823988660168
0.20077159738248967
0.20076852513830815
0.20078354322754627
0.20073505416246118
0.2006024316483531
0.2006461316497689
0.2006642123765449
0.19994161135401795
0.20001238582161476
0.20011420125706858
0.20031634970644863
0.20010825442855162
0.20023636643016912
0.1990929813656436
0.19923795076961925
0.199202485846548
0.19903675200924026
0.19811471891617197
0.198183322282018
0.19916764286497426
0.19934778248905924
0.19996879005900547
0.20005974740518287
0.19652100175767678
0.19732208111691282
0.0970058527067175
0.14331708710030877
0.1705398862909859
0.18154827761262995
0.19004686099118118
0.1933921854817116
0.1943927955595835
0.1956990907779661
0.19853947514774364
0.19799403385677233
0.19789647117112596
0.19799394669072182
0.1993322120144864
0.19938637555997368
0.19961926949195355
0.1997610105575401
0.19972023286232046
0.19981508363532144
0.19988758592227648
0.19957725555611872
0.19960907350154858
0.19985498416217698
0.20004744281885192
0.19993304795774833
0.1995405667491092
0.19931610308831096
0.1991138435053135
0.19904011694487067
0.19906625454160895
0.1981765410137534
0.19807693984237013
0.19814342815028635
0.1979207908964616
0.19692266574644543
0.1968408132152557
0.19701258153359463
0.19752729299206187
0.19756055496641914
0.19792995071358235
0.19839079811065607
0.19853655483697075
0.19862106952266764
0.19873649676978314
0.19995793855299676
0.19856059382093666
0.19878725251240656
0.19859968974427222
0.19925626186393708
0.19929301637834645
0.2004414012566097
0.20063790758389355
0.2010518817468409
0.20108447116730135
0.2014280136476808
0.20108550769893563
0.2011123281855447
0.20176349537948338
0.20141487985754017
0.20147829201495468
0.20073695696046448
0.1959629823240584
0.19647985122056663
0.19684799625738866
0.1965149152297656
0.1970403839634959
0.1973424976396792
0.19742142264674967
0.19721361573949117
0.19635652122491534
0.1962789867794758
0.19642313267352246
0.19731727048471925
0.19784722229899468
0.1980931672289433
0.1959792891057143
0.19542286666400602
0.19603688511197961
0.19608995921797945
0.19646034027334552
0.19672498724140233
0.19631683056349394
0.19631477257233304
0.19637995805494993
0.1971599590714746
0.19698820809425577
0.1969241031594277
0.1968445759983227
0.19665059852857977
0.19737370122114026
0.19736981187723865
0.1976569052915391
0.19758519288600623
0.19752195485653395
0.19744062597324025
0.19737153214279138
0.1974969580173955
0.19745573381046239
0.19765479365494815
0.197788220514833
0.19776394196135177
0.19777990371281634
0.1978143438215617
0.1985145642113472
0.19866749090322414
0.19892060545158718
0.19939433813757532
0.19868151987332142
0.19874513444223935
0.19919989649211686
0.19916573580552585
0.19885055452672848
0.19840400166009953
0.19852398533099078
0.19871251870984352
0.19882542260475977
0.19949623551070697
0.19957756234402135
0.19839563148593453
0.19837900454228932
0.1984347265923629
0.19962405267944142
0.2000529010499202
0.20076543383766293
0.20096755760759624
0.20031659406622623
0.2010285859413508
0.20110078193076822
0.20049300129630093
0.20050394361331028
0.19964017688185587
0.1995338212219945
0.20003902563805262
0.19981145102777104
0.20048827675165903
0.19930146690645248
0.1993802213071666
0.19980593975247443
0.1993492052526546
0.19919341929636533
0.19906174902127674
0.19876221562720492
0.1987588165446107
0.19861166548179374
0.19824857131073656
0.19817909120622879
0.1978744226141568
0.19814344401734965
0.19795412195399692
0.19776693020976452
0.19810157273216386
0.19816908522603655
0.19809447343417236
0.19814387418016147
0.19812673796302874
0.1981663452448058
0.1982384920878832
0.1981182472333861
0.19793821526627917
0.19816896409337995
0.1983143366174121
0.19883655626663316
0.19803814340562864
0.1984771229392571
0.19890852175207027
0.19884873073623946
0.1978404594735573
0.19878526126036244
0.1983485419488781
0.198355273547051
0.19834737476712386
0.1982684560427802
0.19792469975951482
0.1981071108397301
0.19784755616035307
0.19880966204878991
0.19771200348348072
0.1980148312011177
0.1986306322101775
0.1988107224610335
0.19860026154195992
0.19876034167712445
0.19844685060776893
0.1988673378445622
0.19889814135930295
0.1985278447149689
0.19804145816886176
0.19799256572558518
0.1991990087417169
0.1989635776269747
0.19871174132108554
0.1986682564883761
0.19834722240793085
0.19816978471616625
0.1975891866654718
0.1976826630427897
0.1978734508924581
0.19785273479516188
0.19771995629025554
0.19764634224815666
0.19770451703374847
0.1976210576652482
0.19784789420704724
0.19810802622822823
0.19923696237983518
0.19941139735000638
0.19927677791649642
0.19909285461032475
0.1990014223275324
0.19877202770811508
0.19772969402793425
0.19741341341692667
0.19480114895703862
0.19655407579247208
0.19633953616712027
0.19775333177496152
0.19751904493230057
0.19745391790957237
0.19825185738222256
0.19783699249505296
0.19794692231985614
0.19860050089085232
0.19903705953366374
0.1991548661948659
0.19751141335536873
0.19752833868452507
0.1980351114608765
0.198060923930883
0.19824256901293705
0.19879514273613114
0.19902684905520185
0.1993040129002793
0.1984978741741962
0.19823296418124686
0.19733621477148458
0.19755753016480823
0.19757487295602114
0.19787045770691955
0.19800216835408918
0.19816506345059787
0.19837180688530884
0.19837639218679368
0.19828815054009125
0.19849903991586113
0.1982972211999321
0.19862692206855803
0.19871211387319765
0.19075370641197842
0.19144387469483176
0.19177133556239087
0.19234363538501742
0.19232219277020277
0.1116033756685654
0.13000503139965217
0.1687914360467408
0.1261175663045589
0.17043431144639049
0.1842068426526734
0.19018061824355256
0.19616568033699358
0.1547991592345195
0.17881277507103394
0.1909627679536029
0.1778184471310126
0.1898560548553819
0.19367394022386955
0.09076831017150293
0.1399582583387792
0.17605343138469995
0.16239121472919119
0.1788194712842544
0.18970521031236892
0.19422354722966215
0.19440521181456988
0.19358564488768035
0.19436698203834024
0.1944017242609128
0.19577701955894602
0.19601478112703455
0.19670004914204353
0.19777475512347145
0.19755680755767738
0.19718239713510702
0.19738261788616432
0.19636414007533257
0.19702304695015876
0.1960789089392808
0.1963751989848841
0.1963828495713119
0.19651945416819103
0.19659498168680753
0.19641318782821934
0.196318144812409
0.1964602661141781
0.19694559854087929
0.19668139019807704
0.19687759049854822
0.19518864324476418
0.19447770924772187
0.19469076533683388
0.19494664630303496
0.19587570805914853
0.1954684999717424
0.1951606111077823
0.1950838207354322
0.19517617126663347
0.1953695707572648
0.1956164596849813
0.19582345980241792
0.19669251336469332
0.19630458246757018
0.19629622426274776
0.19629418050528014
0.19704911560748725
0.19673591820521363
0.19711492988231416
0.19705650520580714
0.1970447305692533
0.19698737560594623
0.19634194530900853
0.19629921795933025
0.19637369980832275
0.19702486459741844
0.19669487665580682
0.19659881006959531
0.19599082242908453
0.1962197815062606
0.19672332184086924
0.19697532385841524
0.19688873453997
0.19647423896949617
0.1977447533913898
0.197904982495782
0.19867269265622944
0.19795499833736419
0.1983282769820949
0.19929321184231286
0.19924502156105198
0.19899939178689435
0.19898237501278207
0.1990966798445722
0.19980294287080877
0.19995153011777062
0.1996225999670187
0.20050542133919888
0.20049756839182523
0.2002309575657885
0.2003049507664354
0.20019258810769175
0.20002781573810915
0.19974608138761438
0.19950772691873087
0.19949223798213545
0.19989840153347302
0.19961799003719274
0.1992506663652341
0.19918345562145104
0.19906381393376787
0.19908489340917912
0.19910099624791966
0.1988227540269958
0.1985009445083439
0.19929848728748084
0.19935152444197937
0.19898716249756776
0.1981349455851094
0.19834873539043468
0.19836520019570494
0.19777044116956832
0.19758242779903223
0.1975996297441995
0.19729535436945145
0.19734766608577486
0.19732680229080124
0.19742600595828524
0.19749713419231343
0.1974074682082888
0.19704421483124693
0.19694155235861407
0.19668982637334959
0.19680201465488664
0.1967105681796774
0.19683067000786034
0.1968142322771274
0.19663902253245144
0.19730400514580385
0.1973100860701122
0.1965102935027655
0.19654343589567874
0.1967171154463427
0.19652807847767298
0.19625207778585682
0.1979922962331674
0.19591550956544962
0.19708597716737394
0.19696499720712968
0.19694930815710326
0.19696391198473517
0.1970581152126555
0.1979462668430934
0.19791045527343615
0.1974197438612665
0.19793661196127188
0.1980463964741565
0.1982175409483849
0.1975306328833383
0.19737010329913152
0.19728605145551453
0.197265054182195
0.19716551884981345
0.1971647106811347
