0.14576711383561541
0.14404103994384698
0.14452290395902406
0.14461147919970882
0.14477766583343635
0.14494963693548224
0.14512304895518496
0.14544456269117823
0.14576124323450326
0.14571478345388145
0.1457327940355526
0.1457015523393018
0.1457044326218787
0.14588340337398736
0.14578893802052595
0.1458645801657793
0.14595676897613213
0.1461473806382033
0.14607747471785834
0.14625432785873702
0.14641172496600774
0.14640948225126585
0.1462279828817688
0.14600789551060023
0.14594567939994454
0.14620244354031514
0.1462546801891705
0.14623889822717256
0.14627153500584977
0.14626640796318827
0.14625974503476774
0.14638960307893575
0.1465634374496763
0.14679836775154495
0.14668884730661064
0.1468085962591861
0.14674585612593793
0.1467137639708743
0.14683733496334161
0.14683707782195374
0.1468722248375777
0.14683027142472832
0.14664456708283669
0.14641720413808376
0.1467019637769778
0.14657674652938232
0.14645506040088724
0.14650755698443252
0.1459384913602038
0.14603506918365344
0.14566581242316498
0.1453591843333017
0.145243758079489
0.14520733056319318
0.14494911985322825
0.1448963925847748
0.14477895156225637
0.14455679298283441
0.14439005005636146
0.14418823759412394
0.1441575658645785
0.14412638563330923
0.14420834673708832
0.1441109668505429
0.14406157934604966
0.14396139044181408
0.1436789802324311
0.1437975953954264
0.1438226799046121
0.14381898188557315
0.144128409123761
0.14427363479229982
0.14413249071188214
0.1441758445968877
0.1441321822982577
0.14396852819108777
0.1440304548592893
0.1439390551857915
0.14417231514096962
0.1441166363292566
0.1442526638544522
0.1442703983884982
0.14433822468595764
0.14453116542619174
0.14479438313933052
0.14486760193898374
0.14494475131856654
0.1448606404166235
0.1448813061793393
0.14463171547927622
0.1446029105243444
0.14464352549754803
0.14409954624964463
0.14411493294316077
0.14385257925631814
0.14369687081275379
0.14371443096297348
0.14332970556931998
0.14331918120665582
0.14347625771793396
0.1434982834572645
0.14346851302803929
0.14362565060227245
0.14359464375514955
0.14363597706878875
0.143642892115441
0.14364501133442092
0.143660370185373
0.14383286218867258
0.14408340928688557
0.14407209498424295
0.1440951109405332
0.1443653876828164
0.1444322407376331
0.14448309035059267
0.14446973216441208
0.14481520609539028
0.14493204071227847
0.14495830077725666
0.1449013560812999
0.14525950167547433
0.14534630059180037
0.14542573754395802
0.14519768180372353
0.14573941634739077
0.14572104917941078
0.14572744043903613
0.1453886227558795
0.1449651459219788
0.14490118184025855
0.14489399065091352
0.14478715094044003
0.14461869034538707
0.14454662900262322
0.14454418369364225
0.14438536330484303
0.1444906024805668
0.1445007239903778
0.14467069580604094
0.1446666443445977
0.14481404496999573
0.14478544580205568
0.14479723333718444
0.1446507705533511
0.14445070593486903
0.1444090869696195
0.1444135386939944
0.14441083863825255
0.14442247451222065
0.14442264846347516
0.14456358134684877
0.14450430039686615
0.14444382730493463
0.14443449959748159
0.14443265927756255
0.14440381873687863
0.1444343643567089
0.14438828912094642
0.1444490716680279
0.14452241648263559
0.1445864651564133
0.14461183050510365
0.14476968729674344
0.1447523146632909
0.1448372961876492
0.14373560348756445
0.14397985419374937
0.14409172344794186
0.1441349703135314
0.14420714318787795
0.14426905305832968
0.14426683797757853
0.14437380020315754
0.14425246600169575
0.14410317058625266
0.14414939539538668
0.14406488686424251
0.14395692971762922
0.14406489762686953
0.1440997602407538
0.14404664214083523
0.14406387534897713
0.14413362857569567
0.14380805635542382
0.14400061104334774
0.14399332501910048
0.14398808046492348
0.14405080209346674
0.14411558771879232
0.14410029936030339
0.14422838002019175
0.14433175625001946
0.14434407760135745
0.1444807463211026
0.1444728808475359
0.14430254136509382
0.14433208415569565
0.14477319997827362
0.1448061058978266
0.14470431453234986
0.1446014515560701
0.1445411071945324
0.1445100163627547
0.14452447823670098
0.14459255505298985
0.1445582765357906
0.1446625607416467
0.14465153272691078
0.14461093072589348
0.1446261242228533
0.14460587667539485
0.14458056049511042
0.14468090101471673
0.14469846077154253
0.14471336289235143
0.1446910167790315
0.1449689041930404
0.14489959295208443
0.14502767358840582
0.14495724218057052
0.1449783804337608
0.14485868193457935
0.144902803267756
0.14490392072244454
0.14499999260288476
0.14501806378786086
0.1451066588642852
0.14498976763626664
0.14507310463402162
0.14511892507443955
0.1451942540602065
0.14521977610731016
0.1452428553024725
0.14506625558631758
0.145022723510318
0.14508646712626241
0.14504353505904702
0.14501079656730984
0.1449451867310402
0.14507015877054175
0.14496246269737625
0.1449620523914454
0.1449869270673868
0.14506605896226818
0.1450417555577561
0.1451230951048606
0.14512110537735595
0.14521377505766267
0.14506823785881207
0.1450468068221976
0.14504401848950643
0.1451600710282856
0.1451123749530345
0.14512259200779987
0.14502145176352085
0.1450903569769793
0.14502447903838592
0.14499519954434817
0.14505799510493048
0.14511428996169587
0.1452548304610353
0.14531091803846896
0.14515136080555888
0.14522608304665352
0.14522743811504657
0.14538292636423192
0.14519842376751899
0.14518755223688753
0.14512697333377703
0.14515821173667826
0.14519036406055005
0.14517624379322608
0.1452021279680125
0.14523923177589118
0.1452426797049511
0.1451951026896104
0.1452781130190603
0.14543137281608587
0.14538448053626715
0.14538852196359056
0.14526283618541924
0.14531877130533308
0.14535187568099311
0.14531414516925745
0.14531732636053907
0.1453767577634261
0.14537578829849063
0.14556001894332898
0.14558103363560804
0.14570525544865118
0.14587410746835028
0.14597943496319912
0.14608069804566168
0.14607514809933703
0.1458751597166725
0.14584792265073215
0.14577429831133776
0.14570633138277378
0.14521126624788483
0.14521095750515203
0.1453146661095835
0.1452447372802995
0.14516381876119433
0.14531100876904862
0.14525164983121253
0.1453674178716256
0.14535541666160015
0.1453822172298823
0.14534328046843026
0.14534329454768943
0.14533293636577227
0.14533821008210346
0.14539066575001794
0.1453761820343639
0.1454141853594871
0.1454259497249537
0.14523525395347617
0.14541445910314324
0.1454591566558448
0.14524567680087086
0.14532457956925005
0.14528591736429025
0.14517015990175303
0.14534809180606154
0.14541427770032717
0.14547738942206018
0.14548485619500237
0.14554140999267218
0.14553199655302654
0.1455300635027328
0.14525411085023093
0.14529370309696762
0.14533651659535016
0.1454981078610887
0.1455095810493656
0.1455058070581411
0.1455515585348549
0.14562548904769618
0.1455444413585631
0.14562476424529971
0.14556510614182644
0.14562334273462232
0.14548808345005942
0.14566083509497738
0.14560272281176884
0.14566138960093658
0.1456779051805104
0.14586499123112914
0.1458392565551504
0.1458270596869969
0.14579571265608535
0.14582197441056627
0.14600242652800685
0.14605749756627245
0.1458471674083915
0.14597476618878386
0.14590147504055087
0.14582991978058224
0.14587235355207237
0.145890510216196
0.14585601047478233
0.14579529038149433
0.14561030565724312
0.14559977451328887
0.14559624210428682
0.14558583188235566
0.14553743896856794
0.14578776698618262
0.14579267178896266
0.14581666193915513
0.14580249316926933
0.14586240523669172
0.14538760825655528
0.1456953109057354
0.14575764144900205
0.1458025802883805
0.14571968899707977
0.14581633831145366
0.14576449608335057
0.14576313417922024
0.14590326107682614
0.1459012045387815
0.14587914146382097
0.1458656274843768
0.14585627175016516
0.14584937842248194
0.14598855088266155
0.1459820588593723
0.14598695892317398
0.1459401799670798
0.14595904424561834
0.14594550975686676
0.1459602398800108
0.14599243147602073
0.14573378505379245
0.14571925702698862
0.14572087985682472
0.1457158618265211
0.14571031123197123
0.145670430809762
0.14569489761278384
0.1457317107551832
0.14566824207593676
0.1457401797221008
0.14575592723909905
0.14571587214271203
0.14577322018513547
0.14580333864165793
0.14583919407522256
0.14599686857918318
0.1460692687402771
0.14607989616374928
0.14612596821858126
0.1462349492055409
0.1462357437609885
0.14631356986682653
0.14627250581867365
0.14625340075428364
0.14595517481266437
0.14583584230521462
0.1459668228212964
0.14601378241009408
0.14632660737585185
0.1463192312967817
0.14633518483653093
0.14602681561569758
0.14613568285979525
0.14614968434214926
0.14600034649505547
0.14601148581138657
0.1463061145850838
0.14629686570510056
0.14646706739807752
0.14642257295856048
0.14640040666045523
0.1465011087830186
0.1465175572761139
0.146571636121235
0.14666481966636133
0.14673547532115588
0.146719940140465
0.14665483725905526
0.1466717765461214
0.14653431707261647
0.1465375295724989
0.14645640288451858
0.14654857639424804
0.1467289539969269
0.14670640325887535
0.14660499143005112
0.1466486717889192
0.14657479810756055
0.14649656863853014
0.14649175420397764
0.14648986402921274
0.14649673924818507
0.14654245324937534
0.1465535985335703
0.1465792121595026
0.14652901565429724
0.1465439025776864
0.14651216889894922
0.14651084040788803
0.14652938134811855
0.14652496858988406
0.14650536388613136
0.14656780241595738
0.1465206238973646
0.1465153863397626
0.14653327874206976
0.14658310112283152
0.1463863338737543
0.14590372179724206
0.14578944120387657
0.14582841564389426
0.14559663744769716
0.14541194089780002
0.1449835523799663
0.14497812229454385
0.1454981974984374
0.1454682857692363
0.14557461258979565
0.14557193495284632
0.14540775036778267
0.14562361486236017
0.14562519353383957
0.1456512564441592
0.14616904561358587
0.14531811824714921
0.14558533775035815
0.14579610216562475
0.14567152790426618
0.1456520052971422
0.14566424130805836
0.1456482620972569
0.14566638095056655
0.14645174323742602
0.14644409828515262
0.14714726774356227
0.1472501417172164
0.134164666111449
0.1361257094929586
0.13719486845372927
0.1378633472503071
0.13837411631462918
0.13854118543984376
0.1384371623945499
0.13879154481173156
0.13921531922056804
0.13923738740984543
0.13878633909304247
0.1391446844005659
0.13906718711301472
0.13938337736677112
0.14010757379886923
0.13995689873268832
0.13989299619719678
0.13982356879066873
0.1397554564823017
0.14064715535590092
0.14064464037056426
0.14052669588608277
0.14062236341247644
0.14050549045862157
0.14040631537091997
0.14098072918346338
0.1410234671319978
0.14142541677087161
0.14190577295425008
0.1415491232095959
0.14126563907372738
0.14180167230532528
0.14177838850712482
0.14169825321587906
0.14136138549151486
0.14117617356672946
0.14201769964421182
0.1422217154227298
0.14222775909895893
0.14239911401149216
0.14229996423349958
0.14129742293815134
0.14137322786332449
0.14100928775737528
0.14055002683292592
0.14083268137244861
0.14071524365049032
0.14056534463462833
0.14055264280087654
0.14034148937568414
0.14099830742411734
0.14083850663027744
0.14106842543648268
0.14103820093846683
0.14084313637224666
0.14079425379325305
0.14063871923183946
0.14126122430154114
0.1408972149192027
0.14107290144180032
0.141305152747216
0.14133142927520462
0.1413423950256721
0.141397814773027
0.14114994944590914
0.14147148279665056
0.14145159626253348
0.14150136101045235
0.14154334194501692
0.14116174580068608
0.14128701620028503
0.14120993366663287
0.14105913603135664
0.14138014019235734
0.1415160530180646
0.14132869960187025
0.14120860751674005
0.1414027765608588
0.1413757916106001
0.14134737153985397
0.14135269110356696
0.1414322531073906
0.14013031833177533
0.14017637871383296
0.14031173154170629
0.13996410131299417
0.14040327046053352
0.14066328579871645
0.14030471087970747
0.14053737659981977
0.04047278643364022
0.08804436844625349
0.10529944043961244
0.11909736944658053
0.12721871002901505
0.13129628377295677
0.1329901016616843
0.13450307143422532
0.13758662525850524
0.13849536899728015
0.13852162762048195
0.1386760165739742
0.13946525374545765
0.14042008789063098
0.14064548060026671
0.14080603686142235
0.1407475333218869
0.14068633781271514
0.1407069107333334
0.14017694467662134
0.14025231257456078
0.14081907684537978
0.14076178311460338
0.14104485058149613
0.14010790751340418
0.14028045210937876
0.13967314391311034
0.1393553708773777
0.13984555641086022
0.1399019117466898
0.14007746001252666
0.14019523027803307
0.14023938800816013
0.13942931213398357
0.13951236257411065
0.1399517795606628
0.1401925234961785
0.13965873731692546
0.13980753195307172
0.14008942959547627
0.14010870793557428
0.14038634275852743
0.14047617836624535
0.14094437967730183
0.14039577839524453
0.14050186610284604
0.14079697679345196
0.14097628383084443
0.1407351410627687
0.14097853610561242
0.14130379152847045
0.14159164320255527
0.14121198622662537
0.1413855544724639
0.1413277482313544
0.1412641142550316
0.14163758300278076
0.14112968672690832
0.14085789312612246
0.14073846332800247
0.13945880934703667
0.1395894594875956
0.14004388306424417
0.14005263903716025
0.14032493697023835
0.14052412427894648
0.1407351582280968
0.14017885600237537
0.14029781587197432
0.14012608342271501
0.1404306260530336
0.14057933049603352
0.1407735110644865
0.14051015073458786
0.13956456936035483
0.1396416729307321
0.14037703004203045
0.1406947701297071
0.14084976102466593
0.14111634946356325
0.14036426468899488
0.1398493983383703
0.13987091852649758
0.14014247754107093
0.1399736053172063
0.1397726157944613
0.13964357547729908
0.1397613151034782
0.13984889961410668
0.14009084739371885
0.14037906241118728
0.14015797142875255
0.14018021312993137
0.1403267575586287
0.14031780132464908
0.13977321611542887
0.13996027486012613
0.14006533409352917
0.14012656598333892
0.14022155071839382
0.14019270951575458
0.14033865211878582
0.1404484648902996
0.14010837212321062
0.14014613848598642
0.13990953459864552
0.13993215795989244
0.14038388553862463
0.13989582273458984
0.1397120031791743
0.13902819698365876
0.1393594592497764
0.13942291976174248
0.1390463872151748
0.13952136460434716
0.13927854333741904
0.14011627225143175
0.1393195250063551
0.13906506251817596
0.13957167528071818
0.13981080235941032
0.1404327460494661
0.14062478621914498
0.14100636737670644
0.13973879792095992
0.14045101315314307
0.14065617363952762
0.1406075950007653
0.14041977393873578
0.14047459352021924
0.1407231496381594
0.14063637975306537
0.14015650259534856
0.1395541556619728
0.13970871071321633
0.14006386666228182
0.14018646049978115
0.14035203610198405
0.1400818197364843
0.14048912090158863
0.14049452542009533
0.1406407282933328
0.14002626060428228
0.13896516807012813
0.139226503359782
0.13945472409457255
0.13964342790113213
0.13890863989731092
0.13923980476950235
0.1394909679254967
0.139161952515505
0.13923095341199293
0.13917128320694835
0.13938669449613575
0.13866656124799986
0.13938561957456783
0.1391517885139454
0.13873610993248894
0.13906476050824498
0.13881282952118756
0.13848243657593623
0.13871787881909245
0.1395099170846137
0.13981571947582253
0.13947664728660084
0.13961640489992413
0.14016924521767313
0.14008224979181122
0.13976560079991168
0.14014264575852564
0.14051158874070524
0.140327545916797
0.1398375900061279
0.1403750201577412
0.1405079547069715
0.13946604000199755
0.13991709172932965
0.14043442841599632
0.14064393510996256
0.13989498909817458
0.14039600142839348
0.13989940055030947
0.14067586871842833
0.1406434363515741
0.1397165800222691
0.13880486367218411
0.1396601366089812
0.13955232606447263
0.13981537593343782
0.1399624331938725
0.13996219863078607
0.14008780967369214
0.13891235778515323
0.13914326032571314
0.13936015521777614
0.1393067562035276
0.13948222760866794
0.13874379686171842
0.1379065171701278
0.13864102805841452
0.13857841955179687
0.13863319189255144
0.1384445750967089
0.13921076920813708
0.13899813728037372
0.13917883748834314
0.13846102582741793
0.13859575078257638
0.137784565541217
0.13753907399075432
0.1380048062773159
0.13747027748348836
0.1380357999461443
0.1373986625178188
0.13798129287714708
0.13801254541124144
0.13794168493517484
0.13914963554592039
0.13931607830319293
0.13978794606358738
0.140193633308222
0.13976677847449812
0.1399662888235627
0.13995420251362004
0.1402685294950525
0.1407871004365916
0.14084404018990518
0.14087499881752966
0.14115799595336465
0.14110328829043706
0.14017109644761364
0.14023170502690752
0.14071193197793444
0.14060605956771077
0.1406236768780559
0.14060798967590302
0.14093788519842176
0.14098998604646365
0.14116593778948497
0.14106066177758514
0.14111645452928182
0.1409430438175265
0.14094860697843778
0.1413875476737447
0.14148752571613274
0.14212014700528103
0.14118355924853912
0.14119193020127727
0.14187244600712384
0.1413576506303482
0.1413158798817155
0.06073530376949621
0.06673626501409001
0.10905631769291035
0.10770354363573713
0.1259113524011231
0.1325973947611748
0.137110322748848
0.14000628355460948
0.1295234088236567
0.1324102570446195
0.13672589036721966
0.1351380493126528
0.13796778428745493
0.13822943869156767
0.011129681546628812
0.08330106082971801
0.11702781941588869
0.12239438310021353
0.1291421559255043
0.13488942660680156
0.1375758854945694
0.1377398389758915
0.13891565252667118
0.13897338165211207
0.1388851444063179
0.13961035412195677
0.13956069091564716
0.13953167478824907
0.13977676999906943
0.13987183932938746
0.14016681993086016
0.14013616792605438
0.14001557949067073
0.1400410759509904
0.1398884866120339
0.14027395913474577
0.14084322234067395
0.14099190709728326
0.14081592217852126
0.14087469031209263
0.14123610394528807
0.1412810354325341
0.14099685990741323
0.1408928724189013
0.14056864881877512
0.14029791052900603
0.13968760374096503
0.14010257609106672
0.1396419651438811
0.13927767419175163
0.13829534546928565
0.13875262281040943
0.13875521023043244
0.13929795883011706
0.1395694194572724
0.13971075526107227
0.139983014682328
0.13971663646980215
0.13961433492890313
0.13974890115602606
0.13978696062698398
0.13984252881833253
0.13983959281598235
0.14032805857108097
0.14040127999764007
0.14053190993719428
0.13992971241306162
0.13967849500457002
0.139813468059961
0.14000757618342408
0.14000709731051883
0.13988265201678746
0.14000979739260017
0.14015617087423365
0.1402570969990798
0.14046703156743648
0.14009044948089674
0.14003457340238237
0.1400065352771258
0.140401740817258
0.14102849437467185
0.14105273819936018
0.14096671585802362
0.14154367970282383
0.14168519933858245
0.14163626940381838
0.14154094081309365
0.14162979750819335
0.1417361204591169
0.1420489346543016
0.1419012810971493
0.141436795256993
0.14152183437984647
0.1412031485369913
0.14164765758813033
0.1415447848086557
0.14156630470300235
0.14158229294750765
0.14131689666203018
0.14102612589293884
0.14131804551833618
0.14135564593651273
0.1410229530058273
0.14065021499481056
0.1408909992913552
0.14056853787389612
0.14040045925911235
0.1406526126195369
0.1404419948013643
0.14047469319012332
0.14129165377046957
0.14140539142293015
0.14125505417777118
0.1412363279717454
0.14144120900114968
0.14133059719741733
0.14078338360560727
0.14077473287774775
0.1408410692370921
0.14063639570362813
0.14036595743626337
0.1406489459398033
0.14061676572084303
0.14067271234854303
0.14091090571908851
0.1409132652898644
0.14098031863179314
0.14035274876318815
0.14045317162790655
0.1400229991869007
0.14012198092660186
0.1398191867068619
0.13983246825709714
0.14040757296456538
0.14023977105365346
0.1402513168842797
0.1400744876509708
0.13998567217939323
0.13953093285615542
0.13955736259850343
0.14016733291861433
0.13972144889716478
0.1396003999888267
0.13963215989223565
0.14008514011902537
0.13981617668886698
0.13998696499864305
0.14021735142750283
0.13998143803686428
0.13991733724299713
0.1402537060512584
0.1401692152802552
0.1403110631046621
0.1397936050105444
0.13985339888369533
0.1393775525935206
0.13941511782932178
0.13928416153473186
0.13912480910863492
