180.63137556080636
177.23581178314495
178.92514555856994
179.9199971051892
176.43558857671795
177.54831345606394
177.70542671198402
174.50316611930145
176.36227240907922
176.3220008262083
176.00237741502923
177.44275467036186
177.90516976358177
180.3895670736663
177.54912434087447
178.49542164226006
176.97067465505745
177.9119082169286
178.1343412102536
177.31009954405542
178.18214302020866
178.5465162633868
178.8377965403225
179.50512093182894
179.42238345255745
178.79964359593802
178.71446178551852
178.51210220089052
179.22079079152147
179.97074235000036
180.7181709231062
179.57667335208205
180.18600723619286
179.30864458952237
179.51325970807397
178.91859626377308
180.47063600434296
180.12862042893562
179.43101951717424
182.26003153873063
185.0619910569742
184.89349557098456
184.54073460219092
185.37571175958587
183.69895472723007
183.95842727596005
185.78575523264598
186.95183144554642
187.84710613522086
192.73953210360122
194.16450821816963
196.9946718287622
195.85824237442483
196.97789796442282
198.70344111292025
199.648861613753
199.6004688840699
200.2494764575515
200.03894588256847
200.07061004566918
198.77633084095604
195.46048140539267
194.29788608506828
193.5558546644436
192.62339506490238
192.09072978889475
192.71695728971156
192.66486271569244
191.0228697970406
190.982903587299
189.2149084559469
189.06858232445583
189.4956725039056
187.6003741554775
187.43332814569783
187.779940448736
189.42237039847475
191.3260322535893
191.39320433961322
191.01696610777827
191.07178292727838
190.99527926956983
190.68338049621164
190.11719443793115
189.67014931673845
190.43539836658644
188.97495763612267
190.73910761815418
189.1262830885434
190.39369818027683
190.0781123053732
189.36053011529668
189.79304313776618
190.67664197409815
189.27776095478694
189.88497838731556
189.6825933013839
189.61815174081016
190.13926948682044
188.77877392462156
190.7643196815655
189.55258735756192
188.7093191605577
189.73458995481082
189.40217350601407
189.52644478992485
190.32013899659808
190.9098960859703
191.2481795497924
191.69524238787207
190.70506935455506
190.7907831599163
189.95385133827008
190.0264423438414
189.9335068722453
189.43518303120862
189.46494374356104
189.82511820712628
190.6499703856268
190.91057869381666
190.79409094745475
187.72284954606127
187.8964014817005
187.40449346640523
186.57609012069403
186.0111920528695
184.15443419834025
181.19268964310672
182.18842525492647
180.85016077027296
178.49679889206087
180.31929669546426
175.91286272751046
178.23690452584498
177.63448925888346
175.70516237410718
174.27671872140445
173.4783213885763
174.81861876819093
175.7293202542584
176.47394588677363
176.33480213929226
177.10859831063956
176.60718381901498
175.77854966963912
176.307695672832
177.2057792050836
178.27852284051346
179.71314470661738
178.74072464359787
178.32126508740373
179.09605144308907
180.5591806368957
183.92701451437236
183.80448214903086
184.02760607082874
185.28296541931266
185.6771246073522
185.63843930544678
185.54233359279738
185.90659587091145
186.29987317255305
185.64244944819401
186.85407989574054
186.99261895533692
187.9334089118952
188.2817327487692
187.1830467621301
186.33930622912496
183.28952709362582
181.45739420162616
178.88644113116032
179.31794883285477
176.56832697714427
177.35600235290318
178.64176108754532
177.95938401829403
178.6278339775236
177.77984317708305
177.77056517642004
176.7858073203526
176.1978288369052
175.8237307053403
177.48826108034854
177.12493284366647
176.148328747472
175.8274880207183
176.3053839624101
174.43947292227244
174.40927190221194
172.19547191785463
173.29161232660255
173.01400542446052
172.99892234799916
171.95944275477208
172.63879167211942
171.85502353104476
172.640865081498
171.7678241840608
