120.03818991651563
118.7434292886693
120.83101577077011
121.45111286956238
120.63335511849485
120.69162035687779
120.73312471257336
120.89679600373437
121.14249727818735
120.74127041724996
120.80660909338835
121.36269565786334
121.3248320225513
122.65831117641918
122.02306413402884
121.83503922586631
120.92134664105309
120.69334481992469
120.41110065139664
120.52702025059791
121.16523011590614
120.7904304263382
121.26619124027093
121.16275884511522
121.52091267974079
121.4126209197475
121.33090622172243
121.15827649213689
121.46435866345678
121.99818780249473
122.16750448290149
121.11732879598298
121.56759241331021
120.77103838359348
120.25301684479169
119.03187661399399
120.44601054797361
119.52704414671754
118.49918593718357
120.44325955044224
121.2262284342515
120.26279523045218
120.87027001897894
120.78843102335308
119.99939717651633
120.06967599718065
120.85645517911294
120.74197982951776
120.47981099214597
122.21536430452724
121.13058827998402
121.17019630052314
120.48172282635727
120.58449972010774
121.39530831099736
121.31310795629834
122.36408961011759
122.37683191159181
122.13254975842456
122.38050555956895
122.00940342319586
121.35220066794413
120.6195656498417
121.68117349940304
121.67237816273101
121.31868298887402
122.62798253879542
122.08369486441633
122.31579824155462
121.96498777290626
121.2087959736159
119.53767244331046
121.98477886331541
122.65757899735702
121.71243653443258
122.44002541877147
123.58894583010073
122.79482417197106
123.08250438586288
123.36290847031304
123.15902801730992
122.93592901072986
122.54822439576749
121.99513967440097
121.83301430476175
121.45954447650655
122.15576050917633
123.44671674018434
122.4605966433752
122.56064694050605
122.60820291394295
121.82557438726019
121.7359961325353
121.7266820974674
122.55992729589045
122.30018356556455
122.61772796866691
122.41311726881133
122.01999773820344
122.02514647985551
122.21713522072547
122.42986495829844
121.80519808452372
122.86755385790606
122.07721562862183
120.83141175870888
122.22843205654445
121.55447786796593
121.97869308646742
121.94829159190733
121.69104744137934
122.57625755503359
121.3924174017593
121.56666111783599
121.34889672661873
121.5015292148721
121.07313186386682
121.01920511187592
121.27993920643195
121.03626966839292
120.79144206627156
120.37116393220022
120.12736048518389
119.48632602413771
119.85683788146656
121.11073829236526
121.7796422912168
120.81717399288084
121.7673889292438
121.75750239595853
120.19679634352259
120.34338002624226
119.99886663784193
120.21213421490673
120.14810850045222
120.77294227656131
120.10146575081494
120.21791046442449
120.26075355850064
120.55202372255066
120.65559992202246
120.63602922915878
120.56986458092787
120.13680747406933
119.90173590722073
119.20873377374792
120.39900312823163
120.57163908435908
120.77614193434799
119.95466558680116
119.82832267051397
120.36815407399943
120.46521094524151
121.04393045948935
120.99769838173948
119.77773714842388
119.93403434398411
120.56806693693079
120.28956775587066
120.24946023135513
121.21347210096741
121.14982490075604
120.59847937804832
121.00440377144201
121.08837608991593
120.25174024755161
120.18489808765563
119.89931329623609
119.56549429703547
119.90126183085714
119.84698478013485
119.82276028004785
119.88199737150678
119.5364000250794
119.72025997498068
119.53271803329982
118.88678920170227
119.70752632187067
119.25182481976469
118.72086826411176
119.70403293383245
119.54876821780036
119.12903755993754
119.3625140675335
118.63319751391634
118.64266505991321
118.86896738566128
118.56970223154433
118.43919266350463
119.06274288447975
118.44526143750709
118.90907727969233
118.50736557873726
119.40144681648262
118.22328420934544
118.25302847924972
118.23734513861443
118.92808617322079
118.76917952613269
