123.32718944879021
121.51160467508022
122.60636643408314
120.72223780922289
120.52208839985079
120.30767745795907
120.44832403750223
123.74558496835449
124.39571722221389
124.23737412757563
124.00252460065877
126.4232015316953
125.29011510543863
124.82255750861053
125.53472582731074
125.05081023915992
124.60231089008485
124.75776391591177
126.09314419829612
126.0512035387022
125.30731126048222
126.15651285033857
125.89407275457997
125.45418920001202
124.77902047088055
124.4730579836635
124.67266663439106
124.68437858096212
126.0435007398611
126.25808319673223
126.26071657889366
126.06019210402718
125.79184611871457
126.30995008186513
128.03259193961728
126.10395331331983
126.8820412611383
128.1412007615479
127.86388568523243
128.4033626244676
128.01630399936687
127.62345674404246
127.09039358175733
126.71924595585533
127.38695344527855
128.036107914189
127.54878795329155
126.6361496332876
127.35815184229412
125.53287203171229
124.99896979720054
125.57017408499814
125.84541918258807
125.87113837659113
125.79709958158224
125.75111746623446
124.78719203431453
125.69580826268192
125.49519409455374
127.22545198443747
127.54215572663111
126.80174226070137
126.661980402024
126.18424146821384
127.33319684554746
126.96992208607453
127.31714495077561
127.32116539230051
125.81282410179531
127.63649710258801
127.01248102716855
125.29891412252094
125.29284457559335
125.6321962654508
124.39808372377577
123.93547588499013
123.63147409834386
122.97207704153867
122.84611965775086
124.03478400095352
123.74940028466808
122.93229227942041
125.45723323860567
125.96979319063267
125.32936885137906
125.71516646098715
125.58287796860145
121.16032363530203
122.22562629043966
122.16180223665239
121.98914105319679
122.7388069608953
122.37291458691602
123.223593349884
124.49120982991663
122.57762934928584
121.84635396977164
122.63890999499921
120.73557297501564
119.51106998395882
119.64542425254093
122.47699445591832
121.56401030171969
119.52323406337548
120.38178621331966
118.80307831520697
118.6748897130871
119.76775584488729
119.4932748792101
122.10163646184111
121.09415987227403
118.95560088118417
119.01485249363442
118.78276156125395
119.02863296683684
118.89112470961429
119.19300455375082
119.10359568884985
118.07396836701531
119.07271588824835
117.73667166433694
118.62057565850706
117.62170047686415
117.79336542976957
120.36102673042382
119.90982127032046
118.47523868502346
117.95694078413517
118.89486273953017
119.06648803469889
119.21661963176629
117.30314196323137
116.6173541005197
117.78598594783105
116.81486416671866
117.11500416941267
113.80277943659536
118.24536539188479
119.75674353483937
119.26299373059354
119.19634950473616
119.87279011929955
117.16453760687325
91.74389821067153
118.58014865615904
117.87003834578296
119.13532492580933
120.20337944231304
119.33433719419806
120.09815881309414
120.04690987491864
119.96275041199812
120.39213664506421
117.71228270136169
119.7291087225596
118.218895406887
118.89440879409132
119.89609027353129
119.27853433401106
118.2932509686118
120.13455176524107
120.42510797452294
120.20780774291725
119.58059766063866
119.34491905305008
119.51547552589945
119.07670426861048
119.48199025988849
119.50500115800924
119.4337995258225
119.2972371959764
119.8590925984071
119.98127246208759
119.68473509667291
118.66000637431773
119.70325082232344
119.44788623163672
119.19636602778495
117.90653483847014
117.30765762234924
120.02522986343739
119.15640565003187
118.71549238769012
119.02516307753187
120.40033539925224
120.87526069421433
121.822170421943
121.1895546562988
119.99501914142567
118.93471162999185
121.33007937632831
118.68557622766319
120.92534032060527
120.86437808521079
117.99312028571073
119.36307181129358
120.51648398104959
121.35252994277273
118.6999705342241
121.78949735084879
120.94321223592965
119.14026229092698
118.75100135710532
119.92991210062792
119.99749419665378
119.5873299641529
119.81449478281374
121.08803322824856
121.82263999868388
119.29716461587759
118.65557345345233
118.43395953442175
118.65801211814637
119.32942458115299
117.93879637057209
118.63534797091452
121.6853862654649
121.96506095999905
120.23851924149312
122.5937580742861
121.39769817674292
123.18392929845568
119.26915549239087
121.6665211858935
121.23766346761448
120.23307833457832
120.42239476923504
120.52250437958806
120.1665858068888
119.63075535642137
119.98279322870367
120.09547304462754
121.11437831604086
120.30076105296489
120.46009806783276
120.61974530212441
121.51818223160667
121.09619731784163
122.52322143307138
122.53562215679807
123.2517672512096
121.51823866957976
122.30396582049669
123.06457905625616
123.34251762256041
123.12950365770345
122.8079780652684
121.67321554561019
122.19280404892773
122.46888379109522
121.77188351671157
122.19782494744202
121.90948726109302
122.17248720076036
122.33893507938585
122.91416325401771
121.70954606788862
121.70388449148287
122.8139706542159
122.06918887271216
121.55607850293819
122.06071683327589
122.0114946561308
121.72848833203639
121.67970003225395
121.79797715171954
122.35609628966995
122.81613612282733
122.01486538882833
121.79187682090048
122.06371449840555
122.002574913983
120.65093290948647
120.48673844179811
120.9106690396207
120.5314987158856
120.67200797975829
120.37227222787831
120.56769314387978
121.88506912340725
121.46464680540261
123.2307952391447
123.76600409177368
123.32613051322144
123.47087699423085
121.19113942818412
120.67427968247408
122.71346798328857
120.12090172157004
121.52236765098685
120.70762117014249
120.99292615495487
121.783451434053
120.83223910263375
120.45843255739901
121.73023367250201
121.21017121992399
121.54530522341149
119.91905421467425
120.95189078922427
119.15116527035332
122.12515033791304
120.51928156815859
120.70491755429165
120.91650820800214
121.24384795832546
120.46302933344941
120.55566122856456
121.07179689369562
120.87131754281565
121.4454650540771
120.67926481855324
121.02891752252468
121.40233242235462
121.16482177734096
121.11739194539567
120.58375028430102
122.1870820780377
121.15158294745544
120.65985935864886
119.8608947604444
120.34627844869678
119.23153338668726
121.23274656489646
121.59807891228004
120.32598975096856
120.60046868458564
118.6860427182171
119.64260205629267
120.85715677622012
120.84419658657296
120.74759669837997
120.51572623579547
121.02522834085994
120.1456512793938
119.34329656344468
119.23381661979496
119.37832140788908
119.50961230531084
120.08572764278648
120.27225749475473
119.6539952912421
119.46750597477019
119.38186021358645
118.06990564621796
119.76213377440169
118.26476759282043
118.55324440028876
118.91509430386616
118.6263334525151
118.70274799356113
118.31340997527117
119.46157524229339
120.83038536054545
122.01902204756608
121.20219332215073
121.44993402827936
121.87815550033855
120.55187078192107
121.41289392313534
121.419176298768
122.01814719254052
122.24540805075972
121.48233229219706
122.1427091021862
121.20836396270593
121.84154133539468
122.03733421852378
122.09193353607714
121.90824320766167
121.27817996706503
122.1778774665244
121.70506326276605
120.8163423470926
122.05199918112636
121.93342665416478
120.3695352380095
120.36639266670169
121.66567036538005
122.92399796060572
120.20180780855986
120.34649440810256
121.88663032457664
120.70083062778687
121.61515993545048
120.27707009317216
119.85393677388835
119.76700473996821
119.35217952772399
118.99444129140907
118.80888016757682
118.89296092854407
118.85984884216214
118.53136895791728
118.55217189778091
119.50197415865027
120.44364143013448
119.29113564079603
119.34366683679453
119.267133244751
119.05061987909487
119.97007730960259
119.05523298509762
118.67047357169314
119.53570676125966
119.57967303197617
121.09460717216474
121.19059281635518
120.39974980969066
120.39257842945405
120.90810820692198
