66.81317235396027
66.27216610312357
67.34983296193094
68.27884006044626
66.73080248281148
66.81317235396027
67.27555276621665
66.27216610312357
67.8159273327439
67.8159273327439
68.81860213634101
69.2820323027551
68.27884006044626
67.27555276621665
65.72670690061993
67.27555276621665
68.27884006044626
67.27555276621665
66.81317235396027
66.81317235396027
68.27884006044626
67.27555276621665
67.34983296193094
66.27216610312357
67.34983296193094
68.35202996254024
67.45368781616021
66.97014260101288
66.97014260101288
65.96969000988257
65.96969000988257
66.4529909033446
66.4529909033446
66.4529909033446
66.4529909033446
65.93178292750773
66.40783086353596
66.40783086353596
66.93280212272605
66.40783086353596
66.93280212272605
66.93280212272605
65.87867636800242
66.34756966159348
65.96969000988257
65.49809157525127
65.49809157525127
65.49809157525127
64.4980619863884
65.49809157525127
64.99230723708769
56.568542494923804
51.75905717843013
52.21110992882645
51.75905717843013
52.21110992882645
52.21110992882645
52.21110992882645
51.20546845796843
51.20546845796843
51.20546845796843
51.20546845796843
52.21110992882645
52.21110992882645
51.65268628057983
53.21653878260028
52.21110992882645
51.65268628057983
50.19960159204453
50.19960159204453
50.19960159204453
50.19960159204453
50.19960159204453
51.20546845796843
50.75431016179808
50.19960159204453
50.75431016179808
50.75431016179808
51.20546845796843
51.20546845796843
49.749371855331
49.749371855331
50.19960159204453
50.19960159204453
50.19960159204453
55.776339069537364
55.776339069537364
55.85696017507576
55.85696017507576
55.31726674375732
54.31390245600108
53.76802023508026
54.772255750516614
55.226805085936306
56.124860801609124
53.21653878260028
54.22176684690383
53.21653878260028
53.21653878260028
55.67764362830022
55.226805085936306
56.231663678038196
57.23635208501674
57.23635208501674
57.23635208501674
55.226805085936306
54.22176684690383
58.69412236331676
55.226805085936306
55.226805085936306
55.67764362830022
55.560777532356404
58.58327406350724
58.137767414994535
58.137767414994535
58.137767414994535
58.137767414994535
58.58327406350724
58.58327406350724
59.590267661758325
59.14389233048498
55.67764362830022
55.67764362830022
56.124860801609124
56.568542494923804
56.124860801609124
56.568542494923804
56.568542494923804
57.1314274283428
56.568542494923804
56.568542494923804
57.1314274283428
58.01723881744115
59.02541825349483
57.57603668193913
57.1314274283428
57.1314274283428
57.57603668193913
57.57603668193913
58.58327406350724
59.02541825349483
58.58327406350724
58.58327406350724
58.58327406350724
59.02541825349483
60.03332407921454
59.590267661758325
59.590267661758325
60.03332407921454
60.03332407921454
61.04096984812741
59.590267661758325
60.597029630172464
59.590267661758325
60.597029630172464
59.590267661758325
58.58327406350724
60.03332407921454
59.590267661758325
60.03332407921454
59.590267661758325
59.590267661758325
58.58327406350724
60.03332407921454
60.03332407921454
60.03332407921454
60.03332407921454
60.03332407921454
60.03332407921454
60.03332407921454
59.02541825349483
59.02541825349483
59.02541825349483
59.02541825349483
59.02541825349483
60.03332407921454
58.01723881744115
58.01723881744115
58.58327406350724
58.01723881744115
60.03332407921454
60.03332407921454
60.03332407921454
59.464274989274024
58.45511098270193
60.03332407921454
61.04096984812741
61.04096984812741
61.04096984812741
61.91930232165088
61.91930232165088
61.91930232165088
61.91930232165088
62.353829072479584
61.91930232165088
62.489999199871974
62.489999199871974
62.048368229954285
61.48170459575759
61.04096984812741
61.48170459575759
62.489999199871974
63.49803146555018
63.49803146555018
61.48170459575759
61.48170459575759
61.48170459575759
61.48170459575759
61.48170459575759
61.48170459575759
61.48170459575759
62.048368229954285
61.48170459575759
61.48170459575759
61.04096984812741
61.04096984812741
61.04096984812741
61.48170459575759
62.048368229954285
60.909769331364245
61.34329629226001
61.34329629226001
61.34329629226001
61.34329629226001
60.76183012385325
60.76183012385325
60.332412515993425
60.332412515993425
60.909769331364245
60.909769331364245
60.909769331364245
60.332412515993425
60.332412515993425
60.332412515993425
59.89991652748775
60.332412515993425
60.332412515993425
60.332412515993425
60.76183012385325
61.34329629226001
62.78534860936905
64.94613152451807
62.489999199871974
62.048368229954285
61.34329629226001
62.048368229954285
62.928530890209096
66.07571414672717
68.7386354243376
56.32051136131489
52.65928218272634
53.103672189407014
52.65928218272634
54.11099703387473
53.21653878260028
58.88972745734183
62.20128616033595
64.22616289332565
64.22616289332565
63.796551630946325
64.22616289332565
64.65291950097846
64.06246951218786
64.06246951218786
64.06246951218786
63.63961030678928
64.22616289332565
64.37390775772433
64.8074069840786
64.8074069840786
63.796551630946325
64.22616289332565
64.22616289332565
64.22616289332565
64.22616289332565
64.22616289332565
63.796551630946325
64.65291950097846
64.65291950097846
63.36402764976355
64.37390775772433
64.8074069840786
65.23802572120036
63.796551630946325
63.796551630946325
63.21392251711643
62.353829072479584
61.91930232165088
62.353829072479584
61.91930232165088
61.91930232165088
61.91930232165088
61.91930232165088
61.91930232165088
61.91930232165088
61.91930232165088
61.91930232165088
61.91930232165088
60.332412515993425
60.332412515993425
60.473134530963414
59.89991652748775
58.45511098270193
58.01723881744115
57.57603668193913
57.0087712549569
56.568542494923804
54.55272678794342
55.560777532356404
55.560777532356404
56.124860801609124
56.568542494923804
56.568542494923804
57.0087712549569
57.57603668193913
57.57603668193913
57.57603668193913
67.10439627923047
67.6904720030818
70.7248188403477
69.7137002317335
69.55573304911681
69.13031173081747
68.70225614927067
69.13031173081747
69.7137002317335
69.13031173081747
69.7137002317335
70.14271166700073
70.5691150575094
69.97856814768362
69.55573304911681
69.55573304911681
70.14271166700073
69.55573304911681
69.55573304911681
69.55573304911681
68.70225614927067
68.70225614927067
68.70225614927067
68.11754546370561
68.11754546370561
68.54195795277518
69.13031173081747
68.54195795277518
68.54195795277518
69.13031173081747
69.55573304911681
69.55573304911681
69.55573304911681
69.55573304911681
69.97856814768362
69.55573304911681
69.55573304911681
69.13031173081747
69.13031173081747
70.14271166700073
69.13031173081747
69.13031173081747
69.13031173081747
69.13031173081747
69.13031173081747
69.55573304911681
70.14271166700073
70.14271166700073
70.14271166700073
70.14271166700073
70.14271166700073
69.55573304911681
69.55573304911681
69.55573304911681
69.55573304911681
69.55573304911681
69.55573304911681
69.55573304911681
69.97856814768362
69.13031173081747
69.55573304911681
70.5691150575094
69.55573304911681
69.97856814768362
69.55573304911681
68.54195795277518
68.11754546370561
68.11754546370561
68.54195795277518
68.70225614927067
69.55573304911681
69.55573304911681